File created on 3/23/2011 at 2:28:02 PM

[header]
satellites
time
latitude
longitude
height

[channel units]

[comments]
Log Rate (Hz) : 1
Software Version : 1.9.8 (Build 004)
Created from KML File
Track Offset (metres):0.00;0.00

[column names]
sats time lat long height 
[data]
020 000000.00 +02737.13892 -00556.86606 +00000.00 
020 000000.00 +02737.24359 -00556.88053 +00000.00 
020 000000.00 +02737.43103 -00556.90538 +00000.00 
020 000000.00 +02737.46519 -00556.90952 +00000.00 
020 000000.00 +02737.46892 -00556.91007 +00000.00 
020 000000.00 +02737.47087 -00556.91036 +00000.00 
020 000000.00 +02737.47218 -00556.91098 +00000.00 
020 000000.00 +02737.47369 -00556.91257 +00000.00 
020 000000.00 +02737.47507 -00556.91441 +00000.00 
020 000000.00 +02737.47640 -00556.91696 +00000.00 
020 000000.00 +02737.47698 -00556.92049 +00000.00 
020 000000.00 +02737.47697 -00556.92464 +00000.00 
020 000000.00 +02737.47670 -00556.92913 +00000.00 
020 000000.00 +02737.47622 -00556.93395 +00000.00 
020 000000.00 +02737.47610 -00556.93758 +00000.00 
020 000000.00 +02737.47673 -00556.93985 +00000.00 
020 000000.00 +02737.47757 -00556.94197 +00000.00 
020 000000.00 +02737.47911 -00556.94343 +00000.00 
020 000000.00 +02737.48144 -00556.94463 +00000.00 
020 000000.00 +02737.48353 -00556.94396 +00000.00 
020 000000.00 +02737.48686 -00556.94262 +00000.00 
020 000000.00 +02737.50622 -00556.93542 +00000.00 
020 000000.00 +02737.52558 -00556.92810 +00000.00 
020 000000.00 +02737.53661 -00556.92468 +00000.00 
020 000000.00 +02737.54731 -00556.92248 +00000.00 
020 000000.00 +02737.55996 -00556.92093 +00000.00 
020 000000.00 +02737.56546 -00556.92061 +00000.00 
020 000000.00 +02737.57261 -00556.92080 +00000.00 
020 000000.00 +02737.60925 -00556.92493 +00000.00 
020 000000.00 +02737.64762 -00556.92977 +00000.00 
020 000000.00 +02737.65825 -00556.93222 +00000.00 
020 000000.00 +02737.66576 -00556.93464 +00000.00 
020 000000.00 +02737.67794 -00556.93989 +00000.00 
020 000000.00 +02737.68616 -00556.94402 +00000.00 
020 000000.00 +02737.69455 -00556.94913 +00000.00 
020 000000.00 +02737.70161 -00556.95386 +00000.00 
020 000000.00 +02737.70896 -00556.95977 +00000.00 
020 000000.00 +02737.71259 -00556.96303 +00000.00 
020 000000.00 +02737.71835 -00556.96862 +00000.00 
020 000000.00 +02737.72605 -00556.97663 +00000.00 
020 000000.00 +02737.73496 -00556.98713 +00000.00 
020 000000.00 +02737.74104 -00556.99576 +00000.00 
020 000000.00 +02737.74714 -00557.00500 +00000.00 
020 000000.00 +02737.75301 -00557.01515 +00000.00 
020 000000.00 +02737.75803 -00557.02461 +00000.00 
020 000000.00 +02737.76311 -00557.03515 +00000.00 
020 000000.00 +02737.76751 -00557.04508 +00000.00 
020 000000.00 +02737.77211 -00557.05671 +00000.00 
020 000000.00 +02737.77621 -00557.06748 +00000.00 
020 000000.00 +02737.78103 -00557.08255 +00000.00 
020 000000.00 +02737.78462 -00557.09535 +00000.00 
020 000000.00 +02737.78740 -00557.10672 +00000.00 
020 000000.00 +02737.79126 -00557.12506 +00000.00 
020 000000.00 +02737.79415 -00557.14356 +00000.00 
020 000000.00 +02737.79588 -00557.15664 +00000.00 
020 000000.00 +02737.79807 -00557.18248 +00000.00 
020 000000.00 +02737.80229 -00557.25134 +00000.00 
020 000000.00 +02737.80593 -00557.31721 +00000.00 
020 000000.00 +02737.80771 -00557.35159 +00000.00 
020 000000.00 +02737.80834 -00557.36480 +00000.00 
020 000000.00 +02737.80874 -00557.37799 +00000.00 
020 000000.00 +02737.81000 -00557.40638 +00000.00 
020 000000.00 +02737.81131 -00557.43905 +00000.00 
020 000000.00 +02737.81240 -00557.46808 +00000.00 
020 000000.00 +02737.81268 -00557.47722 +00000.00 
020 000000.00 +02737.81269 -00557.47839 +00000.00 
020 000000.00 +02737.81310 -00557.47984 +00000.00 
020 000000.00 +02737.81347 -00557.48116 +00000.00 
020 000000.00 +02737.81446 -00557.48252 +00000.00 
020 000000.00 +02737.81594 -00557.48391 +00000.00 
020 000000.00 +02737.81818 -00557.48538 +00000.00 
020 000000.00 +02737.82708 -00557.48932 +00000.00 
020 000000.00 +02737.83053 -00557.49114 +00000.00 
020 000000.00 +02737.83206 -00557.49232 +00000.00 
020 000000.00 +02737.83303 -00557.49355 +00000.00 
020 000000.00 +02737.83424 -00557.49498 +00000.00 
020 000000.00 +02737.83517 -00557.49716 +00000.00 
020 000000.00 +02737.83604 -00557.49899 +00000.00 
020 000000.00 +02737.83653 -00557.50243 +00000.00 
020 000000.00 +02737.83703 -00557.50649 +00000.00 
020 000000.00 +02737.83779 -00557.51345 +00000.00 
020 000000.00 +02737.83924 -00557.52437 +00000.00 
020 000000.00 +02737.84061 -00557.53337 +00000.00 
020 000000.00 +02737.84329 -00557.54883 +00000.00 
020 000000.00 +02737.84638 -00557.56394 +00000.00 
020 000000.00 +02737.85086 -00557.58329 +00000.00 
020 000000.00 +02737.85690 -00557.60898 +00000.00 
020 000000.00 +02737.86333 -00557.63310 +00000.00 
020 000000.00 +02737.87074 -00557.66106 +00000.00 
020 000000.00 +02737.87792 -00557.69006 +00000.00 
020 000000.00 +02737.88342 -00557.71336 +00000.00 
020 000000.00 +02737.88598 -00557.72583 +00000.00 
020 000000.00 +02737.88648 -00557.73149 +00000.00 
020 000000.00 +02737.88672 -00557.73796 +00000.00 
020 000000.00 +02737.88648 -00557.74375 +00000.00 
020 000000.00 +02737.88570 -00557.74933 +00000.00 
020 000000.00 +02737.88431 -00557.75489 +00000.00 
020 000000.00 +02737.88242 -00557.76126 +00000.00 
020 000000.00 +02737.87969 -00557.76797 +00000.00 
020 000000.00 +02737.87614 -00557.77463 +00000.00 
020 000000.00 +02737.87231 -00557.78067 +00000.00 
020 000000.00 +02737.86815 -00557.78574 +00000.00 
020 000000.00 +02737.86433 -00557.78961 +00000.00 
020 000000.00 +02737.85879 -00557.79381 +00000.00 
020 000000.00 +02737.85408 -00557.79623 +00000.00 
020 000000.00 +02737.84872 -00557.79817 +00000.00 
020 000000.00 +02737.84362 -00557.79905 +00000.00 
020 000000.00 +02737.83148 -00557.80065 +00000.00 
020 000000.00 +02737.80562 -00557.80410 +00000.00 
020 000000.00 +02737.78637 -00557.80619 +00000.00 
020 000000.00 +02737.74566 -00557.81130 +00000.00 
020 000000.00 +02737.71900 -00557.81479 +00000.00 
020 000000.00 +02737.71625 -00557.81495 +00000.00 
020 000000.00 +02737.71393 -00557.81479 +00000.00 
020 000000.00 +02737.71162 -00557.81410 +00000.00 
020 000000.00 +02737.70917 -00557.81325 +00000.00 
020 000000.00 +02737.70703 -00557.81183 +00000.00 
020 000000.00 +02737.70503 -00557.81029 +00000.00 
020 000000.00 +02737.70279 -00557.80792 +00000.00 
020 000000.00 +02737.70082 -00557.80525 +00000.00 
020 000000.00 +02737.69915 -00557.80174 +00000.00 
020 000000.00 +02737.69758 -00557.79790 +00000.00 
020 000000.00 +02737.68734 -00557.77165 +00000.00 
020 000000.00 +02737.67105 -00557.72976 +00000.00 
020 000000.00 +02737.64483 -00557.66283 +00000.00 
020 000000.00 +02737.62371 -00557.61115 +00000.00 
020 000000.00 +02737.59981 -00557.55222 +00000.00 
020 000000.00 +02737.58664 -00557.52437 +00000.00 
020 000000.00 +02737.58503 -00557.52087 +00000.00 
020 000000.00 +02737.58169 -00557.51512 +00000.00 
020 000000.00 +02737.57294 -00557.50071 +00000.00 
020 000000.00 +02737.56394 -00557.48627 +00000.00 
020 000000.00 +02737.55196 -00557.46899 +00000.00 
020 000000.00 +02737.54043 -00557.45149 +00000.00 
020 000000.00 +02737.53810 -00557.44752 +00000.00 
020 000000.00 +02737.53379 -00557.44011 +00000.00 
020 000000.00 +02737.51823 -00557.41429 +00000.00 
020 000000.00 +02737.50503 -00557.39183 +00000.00 
020 000000.00 +02737.49494 -00557.37462 +00000.00 
020 000000.00 +02737.49274 -00557.37078 +00000.00 
020 000000.00 +02737.48821 -00557.36365 +00000.00 
020 000000.00 +02737.47066 -00557.33358 +00000.00 
020 000000.00 +02737.45303 -00557.30478 +00000.00 
020 000000.00 +02737.42689 -00557.26254 +00000.00 
020 000000.00 +02737.40662 -00557.22968 +00000.00 
020 000000.00 +02737.38008 -00557.18716 +00000.00 
020 000000.00 +02737.36652 -00557.16475 +00000.00 
020 000000.00 +02737.36419 -00557.16101 +00000.00 
020 000000.00 +02737.36226 -00557.15870 +00000.00 
020 000000.00 +02737.36020 -00557.15687 +00000.00 
020 000000.00 +02737.35816 -00557.15581 +00000.00 
020 000000.00 +02737.35500 -00557.15547 +00000.00 
020 000000.00 +02737.35079 -00557.15613 +00000.00 
020 000000.00 +02737.33413 -00557.15883 +00000.00 
020 000000.00 +02737.33143 -00557.15910 +00000.00 
020 000000.00 +02737.32846 -00557.15912 +00000.00 
020 000000.00 +02737.32517 -00557.15862 +00000.00 
020 000000.00 +02737.32156 -00557.15807 +00000.00 
020 000000.00 +02737.31522 -00557.15693 +00000.00 
020 000000.00 +02737.31027 -00557.15508 +00000.00 
020 000000.00 +02737.30638 -00557.15285 +00000.00 
020 000000.00 +02737.30262 -00557.15058 +00000.00 
020 000000.00 +02737.29718 -00557.14614 +00000.00 
020 000000.00 +02737.29176 -00557.14109 +00000.00 
020 000000.00 +02737.28634 -00557.13443 +00000.00 
020 000000.00 +02737.28161 -00557.12690 +00000.00 
020 000000.00 +02737.27738 -00557.11908 +00000.00 
020 000000.00 +02737.27476 -00557.11395 +00000.00 
020 000000.00 +02737.27296 -00557.11122 +00000.00 
020 000000.00 +02737.27084 -00557.10891 +00000.00 
020 000000.00 +02737.26848 -00557.10750 +00000.00 
020 000000.00 +02737.26701 -00557.10672 +00000.00 
020 000000.00 +02737.26477 -00557.10596 +00000.00 
020 000000.00 +02737.26246 -00557.10548 +00000.00 
020 000000.00 +02737.25810 -00557.10440 +00000.00 
020 000000.00 +02737.20156 -00557.09276 +00000.00 
020 000000.00 +02737.17351 -00557.08792 +00000.00 
020 000000.00 +02737.14508 -00557.08372 +00000.00 
020 000000.00 +02737.09437 -00557.07645 +00000.00 
020 000000.00 +02737.03495 -00557.06774 +00000.00 
020 000000.00 +02736.97515 -00557.05870 +00000.00 
020 000000.00 +02736.85230 -00557.04054 +00000.00 
020 000000.00 +02736.75235 -00557.02565 +00000.00 
020 000000.00 +02736.74599 -00557.02477 +00000.00 
020 000000.00 +02736.74028 -00557.02248 +00000.00 
020 000000.00 +02736.73555 -00557.02012 +00000.00 
020 000000.00 +02736.73129 -00557.01734 +00000.00 
020 000000.00 +02736.72625 -00557.01203 +00000.00 
020 000000.00 +02736.72147 -00557.00558 +00000.00 
020 000000.00 +02736.71767 -00556.99862 +00000.00 
020 000000.00 +02736.71539 -00556.99338 +00000.00 
020 000000.00 +02736.71271 -00556.98650 +00000.00 
020 000000.00 +02736.71082 -00556.97905 +00000.00 
020 000000.00 +02736.70962 -00556.97295 +00000.00 
020 000000.00 +02736.70884 -00556.96583 +00000.00 
020 000000.00 +02736.70878 -00556.95853 +00000.00 
020 000000.00 +02736.70921 -00556.95060 +00000.00 
020 000000.00 +02736.71017 -00556.94235 +00000.00 
020 000000.00 +02736.71207 -00556.93367 +00000.00 
020 000000.00 +02736.71392 -00556.92704 +00000.00 
020 000000.00 +02736.71595 -00556.92056 +00000.00 
020 000000.00 +02736.71822 -00556.91407 +00000.00 
020 000000.00 +02736.72056 -00556.90815 +00000.00 
020 000000.00 +02736.72363 -00556.90179 +00000.00 
020 000000.00 +02736.72735 -00556.89490 +00000.00 
020 000000.00 +02736.73059 -00556.89013 +00000.00 
020 000000.00 +02736.73453 -00556.88446 +00000.00 
020 000000.00 +02736.73894 -00556.87919 +00000.00 
020 000000.00 +02736.74313 -00556.87445 +00000.00 
020 000000.00 +02736.74816 -00556.86929 +00000.00 
020 000000.00 +02736.75710 -00556.86172 +00000.00 
020 000000.00 +02736.76769 -00556.85479 +00000.00 
020 000000.00 +02736.77737 -00556.85002 +00000.00 
020 000000.00 +02736.78706 -00556.84615 +00000.00 
020 000000.00 +02736.79415 -00556.84389 +00000.00 
020 000000.00 +02736.80343 -00556.84148 +00000.00 
020 000000.00 +02736.81179 -00556.84019 +00000.00 
020 000000.00 +02736.81877 -00556.83946 +00000.00 
020 000000.00 +02736.83313 -00556.83876 +00000.00 
020 000000.00 +02736.86054 -00556.83807 +00000.00 
020 000000.00 +02736.89008 -00556.83725 +00000.00 
020 000000.00 +02736.91447 -00556.83697 +00000.00 
020 000000.00 +02736.92956 -00556.83730 +00000.00 
020 000000.00 +02736.94747 -00556.83859 +00000.00 
020 000000.00 +02736.96664 -00556.84110 +00000.00 
020 000000.00 +02737.00046 -00556.84644 +00000.00 
020 000000.00 +02737.07945 -00556.85735 +00000.00 
020 000000.00 +02737.13890 -00556.86606 +00000.00 
020 000000.00 +02737.13774 -00556.87490 +00000.00 
020 000000.00 +02737.16827 -00556.87929 +00000.00 
020 000000.00 +02737.23532 -00556.88905 +00000.00 
020 000000.00 +02737.32712 -00556.89876 +00000.00 
020 000000.00 +02737.46345 -00556.91666 +00000.00 
020 000000.00 +02737.46591 -00556.91715 +00000.00 
020 000000.00 +02737.46787 -00556.91754 +00000.00 
020 000000.00 +02737.46934 -00556.91828 +00000.00 
020 000000.00 +02737.47045 -00556.91960 +00000.00 
020 000000.00 +02737.47110 -00556.92107 +00000.00 
020 000000.00 +02737.47148 -00556.92367 +00000.00 
020 000000.00 +02737.47133 -00556.92654 +00000.00 
020 000000.00 +02737.47111 -00556.93016 +00000.00 
020 000000.00 +02737.47092 -00556.93428 +00000.00 
020 000000.00 +02737.47087 -00556.93791 +00000.00 
020 000000.00 +02737.47120 -00556.94152 +00000.00 
020 000000.00 +02737.47243 -00556.94542 +00000.00 
020 000000.00 +02737.47461 -00556.94859 +00000.00 
020 000000.00 +02737.47700 -00556.95123 +00000.00 
020 000000.00 +02737.48062 -00556.95256 +00000.00 
020 000000.00 +02737.48346 -00556.95193 +00000.00 
020 000000.00 +02737.48641 -00556.95075 +00000.00 
020 000000.00 +02737.51070 -00556.94190 +00000.00 
020 000000.00 +02737.52980 -00556.93456 +00000.00 
020 000000.00 +02737.53480 -00556.93302 +00000.00 
020 000000.00 +02737.54093 -00556.93145 +00000.00 
020 000000.00 +02737.54713 -00556.93002 +00000.00 
020 000000.00 +02737.55424 -00556.92917 +00000.00 
020 000000.00 +02737.56112 -00556.92843 +00000.00 
020 000000.00 +02737.56840 -00556.92828 +00000.00 
020 000000.00 +02737.57999 -00556.92901 +00000.00 
020 000000.00 +02737.60525 -00556.93206 +00000.00 
020 000000.00 +02737.64141 -00556.93623 +00000.00 
020 000000.00 +02737.64809 -00556.93750 +00000.00 
020 000000.00 +02737.65544 -00556.93917 +00000.00 
020 000000.00 +02737.66281 -00556.94110 +00000.00 
020 000000.00 +02737.67766 -00556.94754 +00000.00 
020 000000.00 +02737.69055 -00556.95476 +00000.00 
020 000000.00 +02737.70264 -00556.96355 +00000.00 
020 000000.00 +02737.71280 -00556.97231 +00000.00 
020 000000.00 +02737.72456 -00556.98469 +00000.00 
020 000000.00 +02737.73383 -00556.99659 +00000.00 
020 000000.00 +02737.74218 -00557.00905 +00000.00 
020 000000.00 +02737.75261 -00557.02762 +00000.00 
020 000000.00 +02737.76130 -00557.04645 +00000.00 
020 000000.00 +02737.76777 -00557.06206 +00000.00 
020 000000.00 +02737.77204 -00557.07260 +00000.00 
020 000000.00 +02737.77628 -00557.08556 +00000.00 
020 000000.00 +02737.77980 -00557.09827 +00000.00 
020 000000.00 +02737.78406 -00557.11597 +00000.00 
020 000000.00 +02737.78766 -00557.13519 +00000.00 
020 000000.00 +02737.79033 -00557.15336 +00000.00 
020 000000.00 +02737.79313 -00557.18644 +00000.00 
020 000000.00 +02737.79501 -00557.21820 +00000.00 
020 000000.00 +02737.79747 -00557.25929 +00000.00 
020 000000.00 +02737.79917 -00557.29128 +00000.00 
020 000000.00 +02737.80074 -00557.31500 +00000.00 
020 000000.00 +02737.80304 -00557.35922 +00000.00 
020 000000.00 +02737.80426 -00557.40768 +00000.00 
020 000000.00 +02737.80476 -00557.43549 +00000.00 
020 000000.00 +02737.80569 -00557.45640 +00000.00 
020 000000.00 +02737.80665 -00557.47470 +00000.00 
020 000000.00 +02737.80702 -00557.47935 +00000.00 
020 000000.00 +02737.80790 -00557.48362 +00000.00 
020 000000.00 +02737.80934 -00557.48665 +00000.00 
020 000000.00 +02737.81150 -00557.48891 +00000.00 
020 000000.00 +02737.81469 -00557.49085 +00000.00 
020 000000.00 +02737.81825 -00557.49288 +00000.00 
020 000000.00 +02737.82716 -00557.49697 +00000.00 
020 000000.00 +02737.82901 -00557.49852 +00000.00 
020 000000.00 +02737.83066 -00557.50046 +00000.00 
020 000000.00 +02737.83144 -00557.50315 +00000.00 
020 000000.00 +02737.83181 -00557.50748 +00000.00 
020 000000.00 +02737.83393 -00557.52352 +00000.00 
020 000000.00 +02737.83688 -00557.54306 +00000.00 
020 000000.00 +02737.84248 -00557.57069 +00000.00 
020 000000.00 +02737.84998 -00557.60219 +00000.00 
020 000000.00 +02737.85909 -00557.63631 +00000.00 
020 000000.00 +02737.86854 -00557.67172 +00000.00 
020 000000.00 +02737.87022 -00557.67798 +00000.00 
020 000000.00 +02737.87284 -00557.68957 +00000.00 
020 000000.00 +02737.87571 -00557.70112 +00000.00 
020 000000.00 +02737.88034 -00557.72204 +00000.00 
020 000000.00 +02737.88112 -00557.72839 +00000.00 
020 000000.00 +02737.88143 -00557.73436 +00000.00 
020 000000.00 +02737.88145 -00557.74041 +00000.00 
020 000000.00 +02737.88104 -00557.74524 +00000.00 
020 000000.00 +02737.87932 -00557.75238 +00000.00 
020 000000.00 +02737.87762 -00557.75832 +00000.00 
020 000000.00 +02737.87573 -00557.76346 +00000.00 
020 000000.00 +02737.87258 -00557.76905 +00000.00 
020 000000.00 +02737.86860 -00557.77497 +00000.00 
020 000000.00 +02737.86343 -00557.78140 +00000.00 
020 000000.00 +02737.85778 -00557.78623 +00000.00 
020 000000.00 +02737.85261 -00557.78899 +00000.00 
020 000000.00 +02737.84501 -00557.79110 +00000.00 
020 000000.00 +02737.83264 -00557.79247 +00000.00 
020 000000.00 +02737.71960 -00557.80729 +00000.00 
020 000000.00 +02737.71622 -00557.80703 +00000.00 
020 000000.00 +02737.71321 -00557.80661 +00000.00 
020 000000.00 +02737.71030 -00557.80503 +00000.00 
020 000000.00 +02737.70801 -00557.80333 +00000.00 
020 000000.00 +02737.70598 -00557.80104 +00000.00 
020 000000.00 +02737.70353 -00557.79737 +00000.00 
020 000000.00 +02737.70151 -00557.79319 +00000.00 
020 000000.00 +02737.65980 -00557.68668 +00000.00 
020 000000.00 +02737.61193 -00557.56853 +00000.00 
020 000000.00 +02737.59499 -00557.53061 +00000.00 
020 000000.00 +02737.58763 -00557.51523 +00000.00 
020 000000.00 +02737.58305 -00557.50704 +00000.00 
020 000000.00 +02737.57483 -00557.49341 +00000.00 
020 000000.00 +02737.55867 -00557.46875 +00000.00 
020 000000.00 +02737.54782 -00557.45276 +00000.00 
020 000000.00 +02737.52889 -00557.42170 +00000.00 
020 000000.00 +02737.50064 -00557.37383 +00000.00 
020 000000.00 +02737.42177 -00557.24309 +00000.00 
020 000000.00 +02737.38294 -00557.18003 +00000.00 
020 000000.00 +02737.37070 -00557.16042 +00000.00 
020 000000.00 +02737.36847 -00557.15696 +00000.00 
020 000000.00 +02737.36601 -00557.15349 +00000.00 
020 000000.00 +02737.36344 -00557.15094 +00000.00 
020 000000.00 +02737.36101 -00557.14923 +00000.00 
020 000000.00 +02737.35862 -00557.14860 +00000.00 
020 000000.00 +02737.35564 -00557.14825 +00000.00 
020 000000.00 +02737.35274 -00557.14843 +00000.00 
020 000000.00 +02737.34801 -00557.14915 +00000.00 
020 000000.00 +02737.34027 -00557.15059 +00000.00 
020 000000.00 +02737.33624 -00557.15115 +00000.00 
020 000000.00 +02737.33191 -00557.15149 +00000.00 
020 000000.00 +02737.32849 -00557.15152 +00000.00 
020 000000.00 +02737.32377 -00557.15125 +00000.00 
020 000000.00 +02737.31951 -00557.15057 +00000.00 
020 000000.00 +02737.31330 -00557.14827 +00000.00 
020 000000.00 +02737.30683 -00557.14470 +00000.00 
020 000000.00 +02737.30042 -00557.14012 +00000.00 
020 000000.00 +02737.29455 -00557.13447 +00000.00 
020 000000.00 +02737.28911 -00557.12733 +00000.00 
020 000000.00 +02737.28524 -00557.12116 +00000.00 
020 000000.00 +02737.28280 -00557.11550 +00000.00 
020 000000.00 +02737.27947 -00557.10895 +00000.00 
020 000000.00 +02737.27704 -00557.10520 +00000.00 
020 000000.00 +02737.27416 -00557.10250 +00000.00 
020 000000.00 +02737.27205 -00557.10066 +00000.00 
020 000000.00 +02737.26895 -00557.09876 +00000.00 
020 000000.00 +02737.26574 -00557.09748 +00000.00 
020 000000.00 +02737.26142 -00557.09558 +00000.00 
020 000000.00 +02737.25632 -00557.09411 +00000.00 
020 000000.00 +02737.22641 -00557.08888 +00000.00 
020 000000.00 +02737.18266 -00557.08243 +00000.00 
020 000000.00 +02737.11853 -00557.07229 +00000.00 
020 000000.00 +02736.96683 -00557.05007 +00000.00 
020 000000.00 +02736.77587 -00557.02169 +00000.00 
020 000000.00 +02736.75183 -00557.01782 +00000.00 
020 000000.00 +02736.74675 -00557.01668 +00000.00 
020 000000.00 +02736.74206 -00557.01484 +00000.00 
020 000000.00 +02736.73804 -00557.01264 +00000.00 
020 000000.00 +02736.73309 -00557.00842 +00000.00 
020 000000.00 +02736.72804 -00557.00229 +00000.00 
020 000000.00 +02736.72473 -00556.99726 +00000.00 
020 000000.00 +02736.72205 -00556.99243 +00000.00 
020 000000.00 +02736.72000 -00556.98741 +00000.00 
020 000000.00 +02736.71831 -00556.98188 +00000.00 
020 000000.00 +02736.71694 -00556.97634 +00000.00 
020 000000.00 +02736.71586 -00556.97025 +00000.00 
020 000000.00 +02736.71532 -00556.96414 +00000.00 
020 000000.00 +02736.71517 -00556.95582 +00000.00 
020 000000.00 +02736.71575 -00556.94801 +00000.00 
020 000000.00 +02736.71710 -00556.94043 +00000.00 
020 000000.00 +02736.71944 -00556.93030 +00000.00 
020 000000.00 +02736.72121 -00556.92439 +00000.00 
020 000000.00 +02736.72353 -00556.91790 +00000.00 
020 000000.00 +02736.72604 -00556.91153 +00000.00 
020 000000.00 +02736.72971 -00556.90449 +00000.00 
020 000000.00 +02736.73289 -00556.89899 +00000.00 
020 000000.00 +02736.73716 -00556.89282 +00000.00 
020 000000.00 +02736.74185 -00556.88679 +00000.00 
020 000000.00 +02736.74785 -00556.87978 +00000.00 
020 000000.00 +02736.75479 -00556.87340 +00000.00 
020 000000.00 +02736.76279 -00556.86713 +00000.00 
020 000000.00 +02736.77348 -00556.86043 +00000.00 
020 000000.00 +02736.78791 -00556.85422 +00000.00 
020 000000.00 +02736.79863 -00556.85119 +00000.00 
020 000000.00 +02736.80842 -00556.84918 +00000.00 
020 000000.00 +02736.81705 -00556.84800 +00000.00 
020 000000.00 +02736.83092 -00556.84724 +00000.00 
020 000000.00 +02736.84635 -00556.84736 +00000.00 
020 000000.00 +02736.87326 -00556.84655 +00000.00 
020 000000.00 +02736.89692 -00556.84643 +00000.00 
020 000000.00 +02736.91558 -00556.84614 +00000.00 
020 000000.00 +02736.92637 -00556.84641 +00000.00 
020 000000.00 +02736.95532 -00556.84892 +00000.00 
020 000000.00 +02737.00753 -00556.85604 +00000.00 
020 000000.00 +02737.07944 -00556.86617 +00000.00 
020 000000.00 +02737.11458 -00556.87143 +00000.00 
020 000000.00 +02737.13773 -00556.87490 +00000.00 
