File created on 12/04/2012 at 16:22:38

[header]
satellites
time
latitude
longitude
height

[channel units]

[comments]
Log Rate (Hz) : 1
Software Version : 2.1.1 (Build 001)
Created from KML File
Track Offset (metres):0.00;0.00

[column names]
sats time lat long height 
[data]
020 000000.00 +00077.47468 -06231.29347 +00000.00 
020 000000.00 +00077.47699 -06231.29440 +00000.00 
020 000000.00 +00077.47890 -06231.29519 +00000.00 
020 000000.00 +00077.47957 -06231.29553 +00000.00 
020 000000.00 +00077.47959 -06231.29644 +00000.00 
020 000000.00 +00077.47678 -06231.29996 +00000.00 
020 000000.00 +00077.46452 -06231.31471 +00000.00 
020 000000.00 +00077.44805 -06231.33469 +00000.00 
020 000000.00 +00077.42503 -06231.36333 +00000.00 
020 000000.00 +00077.40762 -06231.38105 +00000.00 
020 000000.00 +00077.40138 -06231.38800 +00000.00 
020 000000.00 +00077.39796 -06231.39184 +00000.00 
020 000000.00 +00077.39616 -06231.39498 +00000.00 
020 000000.00 +00077.39331 -06231.40177 +00000.00 
020 000000.00 +00077.39056 -06231.41316 +00000.00 
020 000000.00 +00077.38801 -06231.42467 +00000.00 
020 000000.00 +00077.38634 -06231.43738 +00000.00 
020 000000.00 +00077.38416 -06231.44896 +00000.00 
020 000000.00 +00077.38402 -06231.45915 +00000.00 
020 000000.00 +00077.38364 -06231.46086 +00000.00 
020 000000.00 +00077.38253 -06231.46124 +00000.00 
020 000000.00 +00077.38065 -06231.46135 +00000.00 
020 000000.00 +00077.36629 -06231.46021 +00000.00 
020 000000.00 +00077.35877 -06231.46068 +00000.00 
020 000000.00 +00077.35277 -06231.46154 +00000.00 
020 000000.00 +00077.34675 -06231.46426 +00000.00 
020 000000.00 +00077.34167 -06231.46754 +00000.00 
020 000000.00 +00077.33774 -06231.47415 +00000.00 
020 000000.00 +00077.33556 -06231.48094 +00000.00 
020 000000.00 +00077.33368 -06231.49871 +00000.00 
020 000000.00 +00077.33034 -06231.53807 +00000.00 
020 000000.00 +00077.32800 -06231.56499 +00000.00 
020 000000.00 +00077.32773 -06231.57225 +00000.00 
020 000000.00 +00077.32735 -06231.57782 +00000.00 
020 000000.00 +00077.32758 -06231.58022 +00000.00 
020 000000.00 +00077.32781 -06231.58261 +00000.00 
020 000000.00 +00077.32881 -06231.58468 +00000.00 
020 000000.00 +00077.33092 -06231.58638 +00000.00 
020 000000.00 +00077.33356 -06231.58768 +00000.00 
020 000000.00 +00077.33869 -06231.58925 +00000.00 
020 000000.00 +00077.36991 -06231.59548 +00000.00 
020 000000.00 +00077.37211 -06231.59646 +00000.00 
020 000000.00 +00077.37372 -06231.59820 +00000.00 
020 000000.00 +00077.37389 -06231.60040 +00000.00 
020 000000.00 +00077.37377 -06231.60298 +00000.00 
020 000000.00 +00077.36916 -06231.66452 +00000.00 
020 000000.00 +00077.36850 -06231.66711 +00000.00 
020 000000.00 +00077.36740 -06231.66990 +00000.00 
020 000000.00 +00077.36650 -06231.67140 +00000.00 
020 000000.00 +00077.36387 -06231.67242 +00000.00 
020 000000.00 +00077.36230 -06231.67226 +00000.00 
020 000000.00 +00077.35950 -06231.67197 +00000.00 
020 000000.00 +00077.35441 -06231.67114 +00000.00 
020 000000.00 +00077.34784 -06231.67166 +00000.00 
020 000000.00 +00077.34409 -06231.67247 +00000.00 
020 000000.00 +00077.34056 -06231.67481 +00000.00 
020 000000.00 +00077.33705 -06231.67843 +00000.00 
020 000000.00 +00077.33330 -06231.68553 +00000.00 
020 000000.00 +00077.32900 -06231.69514 +00000.00 
020 000000.00 +00077.32605 -06231.70705 +00000.00 
020 000000.00 +00077.32541 -06231.71801 +00000.00 
020 000000.00 +00077.32406 -06231.73502 +00000.00 
020 000000.00 +00077.32277 -06231.74954 +00000.00 
020 000000.00 +00077.31995 -06231.80174 +00000.00 
020 000000.00 +00077.31886 -06231.82590 +00000.00 
020 000000.00 +00077.31825 -06231.83317 +00000.00 
020 000000.00 +00077.31818 -06231.83748 +00000.00 
020 000000.00 +00077.31977 -06231.84122 +00000.00 
020 000000.00 +00077.32480 -06231.84515 +00000.00 
020 000000.00 +00077.33590 -06231.85261 +00000.00 
020 000000.00 +00077.35790 -06231.86700 +00000.00 
020 000000.00 +00077.36227 -06231.86940 +00000.00 
020 000000.00 +00077.36704 -06231.87161 +00000.00 
020 000000.00 +00077.37429 -06231.87310 +00000.00 
020 000000.00 +00077.38401 -06231.87285 +00000.00 
020 000000.00 +00077.42718 -06231.86664 +00000.00 
020 000000.00 +00077.48305 -06231.85675 +00000.00 
020 000000.00 +00077.50339 -06231.85455 +00000.00 
020 000000.00 +00077.51331 -06231.85399 +00000.00 
020 000000.00 +00077.52039 -06231.85443 +00000.00 
020 000000.00 +00077.53575 -06231.85599 +00000.00 
020 000000.00 +00077.55631 -06231.85258 +00000.00 
020 000000.00 +00077.58158 -06231.84887 +00000.00 
020 000000.00 +00077.60484 -06231.84460 +00000.00 
020 000000.00 +00077.61229 -06231.84347 +00000.00 
020 000000.00 +00077.65373 -06231.83566 +00000.00 
020 000000.00 +00077.66190 -06231.83232 +00000.00 
020 000000.00 +00077.66550 -06231.82825 +00000.00 
020 000000.00 +00077.66831 -06231.82162 +00000.00 
020 000000.00 +00077.66739 -06231.81495 +00000.00 
020 000000.00 +00077.66636 -06231.80958 +00000.00 
020 000000.00 +00077.66633 -06231.80567 +00000.00 
020 000000.00 +00077.66759 -06231.79801 +00000.00 
020 000000.00 +00077.67112 -06231.79045 +00000.00 
020 000000.00 +00077.67649 -06231.78413 +00000.00 
020 000000.00 +00077.68403 -06231.77852 +00000.00 
020 000000.00 +00077.69078 -06231.77393 +00000.00 
020 000000.00 +00077.69479 -06231.77019 +00000.00 
020 000000.00 +00077.69711 -06231.76324 +00000.00 
020 000000.00 +00077.69507 -06231.75657 +00000.00 
020 000000.00 +00077.69130 -06231.75127 +00000.00 
020 000000.00 +00077.68507 -06231.74939 +00000.00 
020 000000.00 +00077.67127 -06231.74823 +00000.00 
020 000000.00 +00077.65553 -06231.74653 +00000.00 
020 000000.00 +00077.64084 -06231.74656 +00000.00 
020 000000.00 +00077.62757 -06231.74785 +00000.00 
020 000000.00 +00077.60865 -06231.75256 +00000.00 
020 000000.00 +00077.58347 -06231.76108 +00000.00 
020 000000.00 +00077.55175 -06231.77065 +00000.00 
020 000000.00 +00077.52986 -06231.77538 +00000.00 
020 000000.00 +00077.50417 -06231.77943 +00000.00 
020 000000.00 +00077.49515 -06231.77596 +00000.00 
020 000000.00 +00077.48788 -06231.77173 +00000.00 
020 000000.00 +00077.48214 -06231.76481 +00000.00 
020 000000.00 +00077.47961 -06231.75722 +00000.00 
020 000000.00 +00077.47585 -06231.74359 +00000.00 
020 000000.00 +00077.47521 -06231.73232 +00000.00 
020 000000.00 +00077.47677 -06231.72220 +00000.00 
020 000000.00 +00077.47881 -06231.70993 +00000.00 
020 000000.00 +00077.48106 -06231.69495 +00000.00 
020 000000.00 +00077.48392 -06231.68081 +00000.00 
020 000000.00 +00077.48534 -06231.66323 +00000.00 
020 000000.00 +00077.48748 -06231.63841 +00000.00 
020 000000.00 +00077.48962 -06231.61477 +00000.00 
020 000000.00 +00077.49203 -06231.59111 +00000.00 
020 000000.00 +00077.49327 -06231.56902 +00000.00 
020 000000.00 +00077.49412 -06231.54831 +00000.00 
020 000000.00 +00077.49960 -06231.52747 +00000.00 
020 000000.00 +00077.50524 -06231.51186 +00000.00 
020 000000.00 +00077.51282 -06231.49724 +00000.00 
020 000000.00 +00077.52713 -06231.47242 +00000.00 
020 000000.00 +00077.55382 -06231.42877 +00000.00 
020 000000.00 +00077.59271 -06231.36651 +00000.00 
020 000000.00 +00077.59515 -06231.36004 +00000.00 
020 000000.00 +00077.59471 -06231.35482 +00000.00 
020 000000.00 +00077.59292 -06231.34949 +00000.00 
020 000000.00 +00077.58690 -06231.34179 +00000.00 
020 000000.00 +00077.57912 -06231.33662 +00000.00 
020 000000.00 +00077.52943 -06231.30794 +00000.00 
020 000000.00 +00077.50921 -06231.29707 +00000.00 
020 000000.00 +00077.50040 -06231.29305 +00000.00 
020 000000.00 +00077.49960 -06231.29030 +00000.00 
020 000000.00 +00077.50192 -06231.28723 +00000.00 
020 000000.00 +00077.50752 -06231.28139 +00000.00 
020 000000.00 +00077.53562 -06231.25682 +00000.00 
020 000000.00 +00077.54631 -06231.24624 +00000.00 
020 000000.00 +00077.55384 -06231.23720 +00000.00 
020 000000.00 +00077.55962 -06231.22997 +00000.00 
020 000000.00 +00077.56334 -06231.22308 +00000.00 
020 000000.00 +00077.56418 -06231.21599 +00000.00 
020 000000.00 +00077.56367 -06231.20940 +00000.00 
020 000000.00 +00077.56069 -06231.20215 +00000.00 
020 000000.00 +00077.55605 -06231.19754 +00000.00 
020 000000.00 +00077.55160 -06231.19385 +00000.00 
020 000000.00 +00077.54674 -06231.18983 +00000.00 
020 000000.00 +00077.54184 -06231.18737 +00000.00 
020 000000.00 +00077.49526 -06231.16054 +00000.00 
020 000000.00 +00077.46890 -06231.14622 +00000.00 
020 000000.00 +00077.44111 -06231.13102 +00000.00 
020 000000.00 +00077.38073 -06231.09722 +00000.00 
020 000000.00 +00077.36902 -06231.09111 +00000.00 
020 000000.00 +00077.36163 -06231.08899 +00000.00 
020 000000.00 +00077.35321 -06231.08774 +00000.00 
020 000000.00 +00077.34262 -06231.08909 +00000.00 
020 000000.00 +00077.33471 -06231.09694 +00000.00 
020 000000.00 +00077.32889 -06231.10592 +00000.00 
020 000000.00 +00077.32511 -06231.11314 +00000.00 
020 000000.00 +00077.32086 -06231.11966 +00000.00 
020 000000.00 +00077.31673 -06231.12428 +00000.00 
020 000000.00 +00077.30935 -06231.12901 +00000.00 
020 000000.00 +00077.30313 -06231.13094 +00000.00 
020 000000.00 +00077.29046 -06231.13570 +00000.00 
020 000000.00 +00077.28282 -06231.13660 +00000.00 
020 000000.00 +00077.27584 -06231.13916 +00000.00 
020 000000.00 +00077.26573 -06231.14455 +00000.00 
020 000000.00 +00077.25839 -06231.15324 +00000.00 
020 000000.00 +00077.23570 -06231.18046 +00000.00 
020 000000.00 +00077.21921 -06231.19940 +00000.00 
020 000000.00 +00077.20357 -06231.21037 +00000.00 
020 000000.00 +00077.19279 -06231.21767 +00000.00 
020 000000.00 +00077.18974 -06231.22126 +00000.00 
020 000000.00 +00077.18982 -06231.22665 +00000.00 
020 000000.00 +00077.19327 -06231.23108 +00000.00 
020 000000.00 +00077.20164 -06231.23526 +00000.00 
020 000000.00 +00077.21292 -06231.23678 +00000.00 
020 000000.00 +00077.32485 -06231.25726 +00000.00 
020 000000.00 +00077.38522 -06231.26796 +00000.00 
020 000000.00 +00077.42078 -06231.27519 +00000.00 
020 000000.00 +00077.47464 -06231.29345 +00000.00 
020 000000.00 +00077.47992 -06231.28541 +00000.00 
020 000000.00 +00077.48409 -06231.28680 +00000.00 
020 000000.00 +00077.48672 -06231.28887 +00000.00 
020 000000.00 +00077.48826 -06231.29267 +00000.00 
020 000000.00 +00077.48831 -06231.29279 +00000.00 
020 000000.00 +00077.48869 -06231.29608 +00000.00 
020 000000.00 +00077.48880 -06231.29985 +00000.00 
020 000000.00 +00077.48761 -06231.30355 +00000.00 
020 000000.00 +00077.48461 -06231.30692 +00000.00 
020 000000.00 +00077.48033 -06231.31213 +00000.00 
020 000000.00 +00077.47128 -06231.32248 +00000.00 
020 000000.00 +00077.44902 -06231.34921 +00000.00 
020 000000.00 +00077.43029 -06231.37090 +00000.00 
020 000000.00 +00077.42535 -06231.37607 +00000.00 
020 000000.00 +00077.41642 -06231.38463 +00000.00 
020 000000.00 +00077.40896 -06231.39320 +00000.00 
020 000000.00 +00077.40375 -06231.40037 +00000.00 
020 000000.00 +00077.40106 -06231.40528 +00000.00 
020 000000.00 +00077.39937 -06231.41043 +00000.00 
020 000000.00 +00077.39645 -06231.41874 +00000.00 
020 000000.00 +00077.39423 -06231.42879 +00000.00 
020 000000.00 +00077.39344 -06231.43782 +00000.00 
020 000000.00 +00077.39241 -06231.45490 +00000.00 
020 000000.00 +00077.39225 -06231.45873 +00000.00 
020 000000.00 +00077.39220 -06231.46227 +00000.00 
020 000000.00 +00077.39165 -06231.46611 +00000.00 
020 000000.00 +00077.38999 -06231.46911 +00000.00 
020 000000.00 +00077.38676 -06231.47025 +00000.00 
020 000000.00 +00077.38344 -06231.47014 +00000.00 
020 000000.00 +00077.37992 -06231.46945 +00000.00 
020 000000.00 +00077.37463 -06231.46795 +00000.00 
020 000000.00 +00077.36889 -06231.46710 +00000.00 
020 000000.00 +00077.36128 -06231.46628 +00000.00 
020 000000.00 +00077.35493 -06231.46713 +00000.00 
020 000000.00 +00077.35077 -06231.46905 +00000.00 
020 000000.00 +00077.34619 -06231.47243 +00000.00 
020 000000.00 +00077.34246 -06231.47744 +00000.00 
020 000000.00 +00077.34016 -06231.48401 +00000.00 
020 000000.00 +00077.33978 -06231.48830 +00000.00 
020 000000.00 +00077.33925 -06231.49481 +00000.00 
020 000000.00 +00077.33787 -06231.52070 +00000.00 
020 000000.00 +00077.33414 -06231.56167 +00000.00 
020 000000.00 +00077.33309 -06231.57463 +00000.00 
020 000000.00 +00077.33275 -06231.57851 +00000.00 
020 000000.00 +00077.33315 -06231.58058 +00000.00 
020 000000.00 +00077.33433 -06231.58206 +00000.00 
020 000000.00 +00077.33688 -06231.58325 +00000.00 
020 000000.00 +00077.37049 -06231.59021 +00000.00 
020 000000.00 +00077.37381 -06231.59127 +00000.00 
020 000000.00 +00077.37728 -06231.59268 +00000.00 
020 000000.00 +00077.37827 -06231.59462 +00000.00 
020 000000.00 +00077.37877 -06231.59709 +00000.00 
020 000000.00 +00077.37893 -06231.60083 +00000.00 
020 000000.00 +00077.37754 -06231.61817 +00000.00 
020 000000.00 +00077.37603 -06231.65173 +00000.00 
020 000000.00 +00077.37581 -06231.65757 +00000.00 
020 000000.00 +00077.37491 -06231.66492 +00000.00 
020 000000.00 +00077.37348 -06231.66888 +00000.00 
020 000000.00 +00077.37246 -06231.67093 +00000.00 
020 000000.00 +00077.37014 -06231.67418 +00000.00 
020 000000.00 +00077.36763 -06231.67555 +00000.00 
020 000000.00 +00077.36419 -06231.67739 +00000.00 
020 000000.00 +00077.35986 -06231.67760 +00000.00 
020 000000.00 +00077.35548 -06231.67733 +00000.00 
020 000000.00 +00077.35189 -06231.67723 +00000.00 
020 000000.00 +00077.34797 -06231.67771 +00000.00 
020 000000.00 +00077.34298 -06231.67951 +00000.00 
020 000000.00 +00077.33962 -06231.68395 +00000.00 
020 000000.00 +00077.33702 -06231.68966 +00000.00 
020 000000.00 +00077.33500 -06231.69456 +00000.00 
020 000000.00 +00077.33353 -06231.70040 +00000.00 
020 000000.00 +00077.33245 -06231.70808 +00000.00 
020 000000.00 +00077.33218 -06231.71271 +00000.00 
020 000000.00 +00077.33108 -06231.73162 +00000.00 
020 000000.00 +00077.32894 -06231.76953 +00000.00 
020 000000.00 +00077.32656 -06231.79459 +00000.00 
020 000000.00 +00077.32567 -06231.82218 +00000.00 
020 000000.00 +00077.32532 -06231.82808 +00000.00 
020 000000.00 +00077.32560 -06231.83299 +00000.00 
020 000000.00 +00077.32692 -06231.83709 +00000.00 
020 000000.00 +00077.32936 -06231.83922 +00000.00 
020 000000.00 +00077.34601 -06231.85049 +00000.00 
020 000000.00 +00077.35805 -06231.85899 +00000.00 
020 000000.00 +00077.36269 -06231.86190 +00000.00 
020 000000.00 +00077.36658 -06231.86327 +00000.00 
020 000000.00 +00077.37264 -06231.86407 +00000.00 
020 000000.00 +00077.37811 -06231.86422 +00000.00 
020 000000.00 +00077.38547 -06231.86326 +00000.00 
020 000000.00 +00077.39566 -06231.86257 +00000.00 
020 000000.00 +00077.40796 -06231.86051 +00000.00 
020 000000.00 +00077.44209 -06231.85486 +00000.00 
020 000000.00 +00077.47709 -06231.84941 +00000.00 
020 000000.00 +00077.49126 -06231.84691 +00000.00 
020 000000.00 +00077.51474 -06231.84415 +00000.00 
020 000000.00 +00077.51766 -06231.84402 +00000.00 
020 000000.00 +00077.53345 -06231.84512 +00000.00 
020 000000.00 +00077.53713 -06231.84487 +00000.00 
020 000000.00 +00077.54103 -06231.84415 +00000.00 
020 000000.00 +00077.57184 -06231.83940 +00000.00 
020 000000.00 +00077.59787 -06231.83589 +00000.00 
020 000000.00 +00077.61052 -06231.83420 +00000.00 
020 000000.00 +00077.64726 -06231.82715 +00000.00 
020 000000.00 +00077.64939 -06231.82565 +00000.00 
020 000000.00 +00077.65128 -06231.82336 +00000.00 
020 000000.00 +00077.65324 -06231.82026 +00000.00 
020 000000.00 +00077.65472 -06231.81658 +00000.00 
020 000000.00 +00077.65499 -06231.81198 +00000.00 
020 000000.00 +00077.65570 -06231.80727 +00000.00 
020 000000.00 +00077.65734 -06231.80237 +00000.00 
020 000000.00 +00077.65993 -06231.79632 +00000.00 
020 000000.00 +00077.66344 -06231.79081 +00000.00 
020 000000.00 +00077.66882 -06231.78397 +00000.00 
020 000000.00 +00077.67536 -06231.77759 +00000.00 
020 000000.00 +00077.67978 -06231.77333 +00000.00 
020 000000.00 +00077.68390 -06231.76969 +00000.00 
020 000000.00 +00077.68697 -06231.76718 +00000.00 
020 000000.00 +00077.68779 -06231.76457 +00000.00 
020 000000.00 +00077.68851 -06231.76199 +00000.00 
020 000000.00 +00077.68817 -06231.75895 +00000.00 
020 000000.00 +00077.68658 -06231.75571 +00000.00 
020 000000.00 +00077.68361 -06231.75392 +00000.00 
020 000000.00 +00077.67497 -06231.75344 +00000.00 
020 000000.00 +00077.65614 -06231.75193 +00000.00 
020 000000.00 +00077.65050 -06231.75184 +00000.00 
020 000000.00 +00077.64168 -06231.75168 +00000.00 
020 000000.00 +00077.63545 -06231.75168 +00000.00 
020 000000.00 +00077.62765 -06231.75312 +00000.00 
020 000000.00 +00077.61604 -06231.75619 +00000.00 
020 000000.00 +00077.60777 -06231.75889 +00000.00 
020 000000.00 +00077.58665 -06231.76575 +00000.00 
020 000000.00 +00077.55946 -06231.77512 +00000.00 
020 000000.00 +00077.53285 -06231.78143 +00000.00 
020 000000.00 +00077.51833 -06231.78324 +00000.00 
020 000000.00 +00077.50714 -06231.78428 +00000.00 
020 000000.00 +00077.49741 -06231.78315 +00000.00 
020 000000.00 +00077.49107 -06231.78076 +00000.00 
020 000000.00 +00077.48677 -06231.77790 +00000.00 
020 000000.00 +00077.48396 -06231.77477 +00000.00 
020 000000.00 +00077.47977 -06231.76927 +00000.00 
020 000000.00 +00077.47606 -06231.76151 +00000.00 
020 000000.00 +00077.47276 -06231.75129 +00000.00 
020 000000.00 +00077.47126 -06231.74323 +00000.00 
020 000000.00 +00077.47051 -06231.73463 +00000.00 
020 000000.00 +00077.47206 -06231.72146 +00000.00 
020 000000.00 +00077.47341 -06231.71052 +00000.00 
020 000000.00 +00077.47602 -06231.69347 +00000.00 
020 000000.00 +00077.47868 -06231.67995 +00000.00 
020 000000.00 +00077.48009 -06231.66130 +00000.00 
020 000000.00 +00077.48137 -06231.62496 +00000.00 
020 000000.00 +00077.48264 -06231.60506 +00000.00 
020 000000.00 +00077.48474 -06231.57804 +00000.00 
020 000000.00 +00077.48588 -06231.56299 +00000.00 
020 000000.00 +00077.48642 -06231.54870 +00000.00 
020 000000.00 +00077.48704 -06231.54063 +00000.00 
020 000000.00 +00077.48826 -06231.53314 +00000.00 
020 000000.00 +00077.49013 -06231.52609 +00000.00 
020 000000.00 +00077.49710 -06231.50733 +00000.00 
020 000000.00 +00077.50718 -06231.48769 +00000.00 
020 000000.00 +00077.51809 -06231.46858 +00000.00 
020 000000.00 +00077.53524 -06231.44104 +00000.00 
020 000000.00 +00077.55101 -06231.41467 +00000.00 
020 000000.00 +00077.56578 -06231.38875 +00000.00 
020 000000.00 +00077.57210 -06231.37836 +00000.00 
020 000000.00 +00077.57905 -06231.36645 +00000.00 
020 000000.00 +00077.58173 -06231.36235 +00000.00 
020 000000.00 +00077.58330 -06231.35901 +00000.00 
020 000000.00 +00077.58399 -06231.35590 +00000.00 
020 000000.00 +00077.58375 -06231.35313 +00000.00 
020 000000.00 +00077.58207 -06231.35067 +00000.00 
020 000000.00 +00077.54562 -06231.32657 +00000.00 
020 000000.00 +00077.52188 -06231.31227 +00000.00 
020 000000.00 +00077.50985 -06231.30663 +00000.00 
020 000000.00 +00077.50223 -06231.30292 +00000.00 
020 000000.00 +00077.49652 -06231.30028 +00000.00 
020 000000.00 +00077.49482 -06231.29698 +00000.00 
020 000000.00 +00077.49338 -06231.29064 +00000.00 
020 000000.00 +00077.49396 -06231.28514 +00000.00 
020 000000.00 +00077.49643 -06231.28002 +00000.00 
020 000000.00 +00077.50451 -06231.27282 +00000.00 
020 000000.00 +00077.51760 -06231.26243 +00000.00 
020 000000.00 +00077.52889 -06231.25272 +00000.00 
020 000000.00 +00077.53625 -06231.24518 +00000.00 
020 000000.00 +00077.54495 -06231.23525 +00000.00 
020 000000.00 +00077.54968 -06231.22747 +00000.00 
020 000000.00 +00077.55342 -06231.21976 +00000.00 
020 000000.00 +00077.55413 -06231.21423 +00000.00 
020 000000.00 +00077.55257 -06231.20872 +00000.00 
020 000000.00 +00077.54827 -06231.20251 +00000.00 
020 000000.00 +00077.54539 -06231.20046 +00000.00 
020 000000.00 +00077.53746 -06231.19451 +00000.00 
020 000000.00 +00077.52167 -06231.18558 +00000.00 
020 000000.00 +00077.47171 -06231.15697 +00000.00 
020 000000.00 +00077.40845 -06231.12254 +00000.00 
020 000000.00 +00077.36846 -06231.10103 +00000.00 
020 000000.00 +00077.36172 -06231.09912 +00000.00 
020 000000.00 +00077.35552 -06231.09836 +00000.00 
020 000000.00 +00077.34979 -06231.09899 +00000.00 
020 000000.00 +00077.34321 -06231.10471 +00000.00 
020 000000.00 +00077.33803 -06231.11038 +00000.00 
020 000000.00 +00077.33296 -06231.11926 +00000.00 
020 000000.00 +00077.32791 -06231.12619 +00000.00 
020 000000.00 +00077.32065 -06231.13155 +00000.00 
020 000000.00 +00077.30992 -06231.13726 +00000.00 
020 000000.00 +00077.29423 -06231.14194 +00000.00 
020 000000.00 +00077.28466 -06231.14357 +00000.00 
020 000000.00 +00077.27598 -06231.14662 +00000.00 
020 000000.00 +00077.26698 -06231.15371 +00000.00 
020 000000.00 +00077.25746 -06231.16379 +00000.00 
020 000000.00 +00077.24505 -06231.18020 +00000.00 
020 000000.00 +00077.23326 -06231.19286 +00000.00 
020 000000.00 +00077.22410 -06231.20158 +00000.00 
020 000000.00 +00077.21861 -06231.20617 +00000.00 
020 000000.00 +00077.21163 -06231.21147 +00000.00 
020 000000.00 +00077.20818 -06231.21539 +00000.00 
020 000000.00 +00077.20657 -06231.21801 +00000.00 
020 000000.00 +00077.20632 -06231.22110 +00000.00 
020 000000.00 +00077.20719 -06231.22376 +00000.00 
020 000000.00 +00077.21179 -06231.22485 +00000.00 
020 000000.00 +00077.30428 -06231.24316 +00000.00 
020 000000.00 +00077.36134 -06231.25334 +00000.00 
020 000000.00 +00077.41512 -06231.26349 +00000.00 
020 000000.00 +00077.42833 -06231.26736 +00000.00 
020 000000.00 +00077.47990 -06231.28541 +00000.00 
